State:Disabled
Speed:3.0
Slowed:false
Pulse:true
StartPulse:7.023999786376953
EndPulse:2.5610000610351564
Speed:10.743000030517578
Keybind:47