State:Disabled
Speed:19.33800048828125
Pulse:true
StartPulse:9.627999877929687
EndPulse:1.0
Speed:19.33800048828125
Keybind:0