State:Disabled
Speed:6.354999923706055
Pulse:false
StartPulse:9.404000091552735
EndPulse:2.5610000610351564
Speed:20.0
Keybind:47